   2   2   2
   8
   0.000000000000000E+00   0.000000000000000E+00   0.000000000000000E+00
   0.000000000000000E+00   0.000000000000000E+00  -0.798945034626917E+00
   0.000000000000000E+00  -0.505744324962010E+00   0.000000000000000E+00
   0.000000000000000E+00  -0.505744324962010E+00  -0.798945034626917E+00
  -0.500000000000000E+00   0.000000000000000E+00   0.000000000000000E+00
  -0.500000000000000E+00   0.000000000000000E+00  -0.798945034626917E+00
  -0.500000000000000E+00  -0.505744324962010E+00   0.000000000000000E+00
  -0.500000000000000E+00  -0.505744324962010E+00  -0.798945034626917E+00
