   2   2   2
   8
   0.000000000000000E+00   0.000000000000000E+00   0.000000000000000E+00
   0.000000000000000E+00   0.000000000000000E+00  -0.788044408067614E+00
   0.000000000000000E+00  -0.505263608908990E+00   0.000000000000000E+00
   0.000000000000000E+00  -0.505263608908990E+00  -0.788044408067614E+00
  -0.500000000000000E+00   0.000000000000000E+00   0.000000000000000E+00
  -0.500000000000000E+00   0.000000000000000E+00  -0.788044408067614E+00
  -0.500000000000000E+00  -0.505263608908990E+00   0.000000000000000E+00
  -0.500000000000000E+00  -0.505263608908990E+00  -0.788044408067614E+00
