   2   2   2
   8
   0.000000000000000E+00   0.000000000000000E+00   0.000000000000000E+00
   0.000000000000000E+00   0.000000000000000E+00  -0.782135083613995E+00
   0.000000000000000E+00  -0.504509833582790E+00   0.000000000000000E+00
   0.000000000000000E+00  -0.504509833582790E+00  -0.782135083613995E+00
  -0.500000000000000E+00   0.000000000000000E+00   0.000000000000000E+00
  -0.500000000000000E+00   0.000000000000000E+00  -0.782135083613995E+00
  -0.500000000000000E+00  -0.504509833582790E+00   0.000000000000000E+00
  -0.500000000000000E+00  -0.504509833582790E+00  -0.782135083613995E+00
