   2   2   2
   8
   0.000000000000000E+00   0.000000000000000E+00   0.000000000000000E+00
   0.000000000000000E+00   0.000000000000000E+00  -0.763706282473937E+00
   0.000000000000000E+00  -0.500723540508800E+00   0.000000000000000E+00
   0.000000000000000E+00  -0.500723540508800E+00  -0.763706282473937E+00
  -0.500000000000000E+00   0.000000000000000E+00   0.000000000000000E+00
  -0.500000000000000E+00   0.000000000000000E+00  -0.763706282473937E+00
  -0.500000000000000E+00  -0.500723540508800E+00   0.000000000000000E+00
  -0.500000000000000E+00  -0.500723540508800E+00  -0.763706282473937E+00
