   2   2   2
   8
   0.000000000000000E+00   0.000000000000000E+00   0.000000000000000E+00
   0.000000000000000E+00   0.000000000000000E+00  -0.769875913401955E+00
   0.000000000000000E+00  -0.502188492252271E+00   0.000000000000000E+00
   0.000000000000000E+00  -0.502188492252271E+00  -0.769875913401955E+00
  -0.500000000000000E+00   0.000000000000000E+00   0.000000000000000E+00
  -0.500000000000000E+00   0.000000000000000E+00  -0.769875913401955E+00
  -0.500000000000000E+00  -0.502188492252271E+00   0.000000000000000E+00
  -0.500000000000000E+00  -0.502188492252271E+00  -0.769875913401955E+00
