   2   2   2
   8
   0.000000000000000E+00   0.000000000000000E+00   0.000000000000000E+00
   0.000000000000000E+00   0.000000000000000E+00  -0.793648853620263E+00
   0.000000000000000E+00  -0.505667485783942E+00   0.000000000000000E+00
   0.000000000000000E+00  -0.505667485783942E+00  -0.793648853620263E+00
  -0.500000000000000E+00   0.000000000000000E+00   0.000000000000000E+00
  -0.500000000000000E+00   0.000000000000000E+00  -0.793648853620263E+00
  -0.500000000000000E+00  -0.505667485783942E+00   0.000000000000000E+00
  -0.500000000000000E+00  -0.505667485783942E+00  -0.793648853620263E+00
