   2   2   2
   8
   0.000000000000000E+00   0.000000000000000E+00   0.000000000000000E+00
   0.000000000000000E+00   0.000000000000000E+00  -0.751853469172203E+00
   0.000000000000000E+00  -0.497514774397747E+00   0.000000000000000E+00
   0.000000000000000E+00  -0.497514774397747E+00  -0.751853469172203E+00
  -0.500000000000000E+00   0.000000000000000E+00   0.000000000000000E+00
  -0.500000000000000E+00   0.000000000000000E+00  -0.751853469172203E+00
  -0.500000000000000E+00  -0.497514774397747E+00   0.000000000000000E+00
  -0.500000000000000E+00  -0.497514774397747E+00  -0.751853469172203E+00
