   2   2   2
   8
   0.000000000000000E+00   0.000000000000000E+00   0.000000000000000E+00
   0.000000000000000E+00   0.000000000000000E+00  -0.757653428531779E+00
   0.000000000000000E+00  -0.499148706871917E+00   0.000000000000000E+00
   0.000000000000000E+00  -0.499148706871917E+00  -0.757653428531779E+00
  -0.500000000000000E+00   0.000000000000000E+00   0.000000000000000E+00
  -0.500000000000000E+00   0.000000000000000E+00  -0.757653428531779E+00
  -0.500000000000000E+00  -0.499148706871917E+00   0.000000000000000E+00
  -0.500000000000000E+00  -0.499148706871917E+00  -0.757653428531779E+00
