   2   2   2
   8
   0.000000000000000E+00   0.000000000000000E+00   0.000000000000000E+00
   0.000000000000000E+00   0.000000000000000E+00  -0.746392713869577E+00
   0.000000000000000E+00  -0.495896427310222E+00   0.000000000000000E+00
   0.000000000000000E+00  -0.495896427310222E+00  -0.746392713869577E+00
  -0.500000000000000E+00   0.000000000000000E+00   0.000000000000000E+00
  -0.500000000000000E+00   0.000000000000000E+00  -0.746392713869577E+00
  -0.500000000000000E+00  -0.495896427310222E+00   0.000000000000000E+00
  -0.500000000000000E+00  -0.495896427310222E+00  -0.746392713869577E+00
