   2   2   2
   8
   0.000000000000000E+00   0.000000000000000E+00   0.000000000000000E+00
   0.000000000000000E+00   0.000000000000000E+00  -0.776060604000518E+00
   0.000000000000000E+00  -0.503470898163686E+00   0.000000000000000E+00
   0.000000000000000E+00  -0.503470898163686E+00  -0.776060604000518E+00
  -0.500000000000000E+00   0.000000000000000E+00   0.000000000000000E+00
  -0.500000000000000E+00   0.000000000000000E+00  -0.776060604000518E+00
  -0.500000000000000E+00  -0.503470898163686E+00   0.000000000000000E+00
  -0.500000000000000E+00  -0.503470898163686E+00  -0.776060604000518E+00
